% motion 1 : ================================
% P_com(rows: 3, cols: 1)
%  0.061080   0.002585   0.103109  
% ALconfig(rows: 3, cols: 1)
%  0.095064   0.200315  -0.162750  
% ALconfig(rows: 3, cols: 3)
%  0.381897   0.382202   0.841473  
% -0.707389   0.706825  -0.000000  
% -0.594774  -0.595248   0.540300  
% ARconfig(rows: 3, cols: 1)
%  0.096902  -0.200136  -0.165546  
% ARconfig(rows: 3, cols: 3)
% -0.380853   0.382995   0.841585  
% -0.708923  -0.705286   0.000149  
%  0.593616  -0.596562   0.540124  
% BLconfig(rows: 3, cols: 1)
% -0.153795   0.200483   0.224831  
% BLconfig(rows: 3, cols: 3)
%  0.382506  -0.381593   0.841472  
%  0.706261   0.707951   0.000000  
% -0.595721   0.594299   0.540300  
% BRconfig(rows: 3, cols: 1)
% -0.153797  -0.200481   0.224825  
% BRconfig(rows: 3, cols: 3)
% -0.382505  -0.381593   0.841473  
%  0.706262  -0.707951  -0.000000  
%  0.595722   0.594300   0.540300  

function robot =  setRobotConfigAR(robot)
robot.swing = 'ar';
robot.pcom = [0.061080   0.002585   0.103109 ]';
robot.al.pos = [0.095064   0.200315  -0.162750  ]';
robot.ar.pos = [0.096902  -0.200136  -0.165546 ]';
robot.bl.pos = [-0.153795   0.200483   0.224831 ]';
robot.br.pos = [-0.153797  -0.200481   0.224825 ]';

robot.al.rot = [ 0.381897   0.382202   0.841473  
-0.707389   0.706825  -0.000000  
-0.594774  -0.595248   0.540300 ];
robot.ar.rot = [-0.380853   0.382995   0.841585  
-0.708923  -0.705286   0.000149  
 0.593616  -0.596562   0.540124  ];
robot.bl.rot = [ 0.382506  -0.381593   0.841472  
 0.706261   0.707951   0.000000  
-0.595721   0.594299   0.540300 ];
robot.br.rot = [-0.382505  -0.381593   0.841473  
 0.706262  -0.707951  -0.000000  
 0.595722   0.594300   0.540300 ];

end